<pre>--- Summary ---
Tests passed: 16 out of 18

--- Details ---
Test #0: passed 
Test #1: passed 
Test #2: passed 
Test #3: passed 
Test #4: passed 
Test #5: passed 
Test #6: passed 
Test #7: passed 
Test #8: passed 
Test #9: failed 
Description: Test Case 02: Bagging (group: BagLearner)
IncorrectOutput: Test failed on one or more output criteria.
  Inputs:
    data file: Istanbul.csv
    permutation: [406 526  88 332 153 491 255  36 499 107 222 429 256 108 322 440 432 506
 534 447 524 238 234  45 176 514 436 109 480 247 150 313 421 317 494  67
 210 125 392 525 134 233 228 300 135  32 513 282 320 100 439  90  37 221
 212 182 117  82 149 364 343 510  33 226 457 418 162  92 338 152 476 425
 466 103  49 170 217 416 231 209  41  17 358 303 353 495  30 271  21 324
 292 147   2 388 204 328 521 394   8 399  31  19 342  43 522 402 454 348
 370  93 377 306 482 195 360 180 518 261  69 218 498 326 384 479   6 464
  27 285 380 441 185 113 190 450  79  75 227 307 198  77  11  39 423 291
 188  84 434 248   0 369 433 173 264 372  98  87  55 333 186 391 136 294
  60 205 345 444 405 319 428 341 130  99 272 533 137 351 346  71 192 308
 431 344 442 266 128 435 225 183 347 378  12 214 420 207 159 398 446 235
 246 356 270 337 488 486  76 121 485 458 407 213 355 200 191 242 196 143
 102 452 530 236 110 404 127 437 193 411 385 259 206  97 177  89 179 123
 508  40 224 161  56 415 284  72 390 268 139 230  42 366 520 144 467  61
 283  68 451 475 267 288 413 118 106 265 424 483  94 401  80 492 296 274
 215 119 438  96 244 249 166 305 371 531  50 151 257 449 232  15  64 474
 126 395 260 469 329 216 523 362 528 245  14 132  35  74 263 262 101  13
 304  53 219   1 509  20 168  58 298 311 181 383 279 502 229 155 178 133
 142 289 201 419 529 496 512 223  26 208 519 325 148 202 287  25 387  47
 252 174 352  38 443 286  46  63 243  48 116 165  86 471 167 373 184 340
 426 131  83 484 258 169 376 254 389  10 124  16 397 427 237 290 472 456
  70 396 301 156 463 460 465 269 315 318 339  54 489 251  51 497 302 295
 503 203 505 278 403 277 129 163 400 273 240 199 517 381 462 535 330 386
 349 336 382 211 459  62 504 470 115 299 393 409 253 141 468  18 532 379
 281 368  34 473 146 310 507 138   3 445 105 239  78 515  73 410 354 361
 334 417 297 414 187 365 461 120  22 312 323 501 309 154  65  23 114  24
 164 197 430 455  95 111 374 350 276 321 314 275 122 408 481 158 453 448
 140  29 145 357 189   4 500   5 493  52  66 375 487   7  59 220 241 157
 194 335 250 327 363 478 293 112 516  81 316  57 331  44   9  28 422 280
 511 477  91 490 412 172 367 175 160 104 359 171  85 527]
  Failures:
    Out-of-sample correlation for 20 bags is not greater than for 1 bag. 20 bags:0.6595716409828938, 1 bag:0.7135020129704484

Test #10: passed 
Test #11: passed 
Test #12: passed 
Test #13: failed 
Description: Test Case 06: Bagging (group: BagLearner)
IncorrectOutput: Test failed on one or more output criteria.
  Inputs:
    data file: Istanbul.csv
    permutation: [127 484 528 460 358 456 335 119 310 199 298  77  53 240 203  36 328 532
 191 326 249 438 458 316 412  63   1 282   7 404 466 473  81 349 259 139
 133 206 273 341  13 411  71 519   0 251 162  15 147 110 465 488 424 280
 385 204 381 250  67 295 397 364 343 275 222  54 492 296 281 368 365 168
 291 160 375 444 158 236 103  56  64 268 215 208 163 225 286 324 475 197
 450 149 212 237 483 505 166 252 399 113  84 493 387 370  12 525 346   6
 241  60 294 462 400 123 504   5  32  61 454 423 440  31  89  11 315 426
  50 333 187 403  45 415 243 447 228 115 448 499  98 327 277  94 362 527
 337  72  19 520  14 533 230  33 459 209  85 501 151 405 332 425 219 216
 290 421 116 276  34  47  57 260 417 416 356 347 409  65 318 196 515 254
 263 105 406 169 429 461 383  46 434 340 427 357 414 419 481 164 108 420
 239  30  18 334 279 220 351 517 345 304 174 297 145 331 451 186 485  52
 284 479 211 130 150 366 374 329 323  58 435 175 480 352 217 372 522  74
 114 131 278 132 200   4 369 516 171 396 486 336  28 248 143 194 232  49
 355 442 490 319 498 292 198 496 221 238  88 363 407 446 112 121 344  27
 529  91 184 257 247 437 190 302 227 468 172 101 506  39 531  82  59 367
 307 497 476 478 258 154 432 303 392 205 293 361 443 428 201  51 455  37
 265 152  78 348 430 482 371 339 218 120 377 111 181 402 144 106 161 285
  75 513  43 165 141 308 325 360 511  44 178  21 477  92 309  73  68  23
 509   9 391  42 140 312 159  90 518 287 192 253 224 207 384 380 189 118
 157 521 313 235 317  48 134 471 148 269 301  76 100 413 136 342  86   2
 472 167 195 408 376 338  66 107 266 153  87 494 389 503 410 125  83 138
 223 117 390 469 305 193  96 436  69 535 128 491 170 289 322 457 155 185
 321  80 320   3 246 452 431  99 173 183 231 262  70 439 464  93 474 267
 104 512 244 354 188 508  22 156 467 453  24 255 510 395 213 177 122 449
 401 350 489 202 379  29 530 233 137 274 359 463 300 226 470 534 386 523
  17 142 524 229 245 180 179 272 288  41 398 102  26 270 311 382 502  20
  40  10 214 441 146 445 135 242 388 394 514 264  38 418 109 283 507 124
   8 353 433 182 129 176  25 393 487  95 330  62 306  97 256 210 526  16
 422 500 234 314 299 261 378 495  55 126 271  35  79 373]
  Failures:
    Out-of-sample correlation for 20 bags is not greater than for 1 bag. 20 bags:0.6374191770329998, 1 bag:0.6722366826573938

Test #14: passed 
Test #15: passed 
Test #16: passed 
Test #17: passed 
</pre>
